129 5 
492 
1257 
1479 
1949 
500 
1602 
922 
203 
1234 
16 
560 
1375 
1096 
1173 
196 
997 
1183 
905 
804 
158 
1446 
699 
1165 
315 
1488 
1474 
1117 
1791 
174 
644 
82 
379 
1261 
1407 
572 
1539 
1176 
128 
1336 
503 
230 
882 
1879 
1903 
1366 
923 
1002 
1160 
1646 
193 
1075 
1274 
719 
681 
704 
1273 
1403 
615 
1513 
1882 
548 
1446 
1694 
784 
1473 
512 
44 
955 
12 
1379 
1173 
453 
1529 
720 
1509 
1170 
902 
1764 
901 
913 
854 
1151 
1413 
314 
653 
1236 
15 
968 
487 
667 
917 
228 
1633 
1289 
126 
1159 
1627 
198 
37 
981 
646 
1004 
645 
561 
258 
1107 
1111 
290 
729 
1051 
374 
843 
89 
800 
487 
222 
1159 
925 
1346 
1568 
1668 
1612 
521 
1105 
1727 
1443 
900 
744 
1783 
