130 11 
897 
1760 
708 
1267 
477 
28 
646 
1129 
426 
1406 
687 
429 
1968 
1966 
849 
194 
984 
39 
245 
706 
129 
996 
544 
1417 
233 
577 
1080 
1696 
990 
1582 
95 
1563 
1855 
1470 
1545 
627 
1088 
1666 
1843 
395 
1884 
173 
88 
148 
1496 
268 
138 
1575 
350 
867 
1951 
334 
1043 
1338 
691 
1786 
145 
396 
1048 
966 
824 
1806 
1083 
150 
1125 
500 
1205 
47 
1931 
1948 
589 
1892 
1482 
262 
547 
596 
436 
1962 
1240 
188 
367 
828 
1202 
1647 
1666 
799 
106 
374 
1765 
357 
207 
1532 
1655 
1267 
880 
299 
1583 
1248 
1723 
1412 
1913 
1339 
650 
997 
46 
1583 
417 
1042 
1407 
1762 
1985 
1574 
1313 
848 
191 
795 
1814 
1881 
204 
359 
313 
1902 
78 
1942 
1997 
1730 
1983 
315 
908 
1163 
