9 17
19 91 -83 72 -7 67 -2 -78 -52 -43 -95 23 -63 79 79 -39 -10
7 -21 -35 15 61 -15 -33 53 -21 -30 62 -43 30 -8 -14 -87 -94
-18 -26 69 -73 -2 -41 70 -5 -31 84 -49 51 90 -75 0 66 94
-30 93 -71 -93 57 6 49 -81 -85 -2 35 64 16 65 18 11 -68
-1 5 -9 -36 -90 -79 -6 -79 -6 0 -83 -97 -12 -55 -38 -9 35
-78 -8 83 98 23 66 -79 -92 -16 60 -64 29 51 -81 31 -59 59
26 95 -24 30 -39 73 34 86 -35 -93 33 -84 26 -47 -26 -25 80
44 -72 27 -67 74 38 -29 -44 26 -40 -41 -8 41 -18 -14 62 28
18 -33 -84 -94 61 17 -51 -87 -40 60 -13 92 57 7 61 -44 70
