569 3
55
48
-70
36
88
-19
95
-51
56
11
-67
-89
42
-93
-63
7
59
-69
68
88
-30
88
-35
39
29
-18
30
-44
-79
90
48
-55
-82
19
58
83
69
-19
-36
75
65
49
51
-32
-17
79
27
-16
10
58
37
-60
11
15
-70
66
-17
-10
-93
5
51
38
-72
66
62
87
92
-78
-51
-47
38
-22
66
93
-77
21
-63
97
-45
49
55
-55
46
-38
-47
8
34
2
-11
91
0
-21
-26
59
-76
-73
21
84
5
-4
86
5
-65
-43
-80
-42
-27
17
-8
9
29
-15
-66
-43
50
5
91
65
13
-47
-47
-11
32
-42
52
-41
-96
-93
69
95
-100
-48
-9
59
63
-50
-90
-11
-59
94
-66
-84
-90
80
-39
-85
-56
-83
-92
18
-65
55
-29
-49
-57
-3
72
76
4
61
-46
-34
48
-3
9
-23
93
-26
-7
0
-6
1
24
19
-81
-64
-21
52
96
37
-86
86
98
-50
59
-56
81
-61
16
-35
-23
-67
84
-20
39
68
-33
12
-29
84
-79
69
23
8
-77
33
-69
52
-68
-93
-83
-80
80
67
46
-33
-33
-3
37
-36
-4
53
58
-72
-78
-39
17
-57
79
-50
68
66
-19
-89
15
-56
-37
-11
-73
-74
-87
-72
-93
8
-52
-44
-47
-83
33
-29
0
70
75
-94
-12
-32
-90
-5
-15
62
-84
87
72
81
-62
-49
39
68
-48
1
-96
77
-30
11
-50
-33
46
-50
80
65
-93
-1
9
8
49
98
90
-26
23
-54
-66
68
-97
-36
-91
-75
-45
-75
-30
96
17
-16
64
-68
-33
23
-1
-36
55
-79
22
60
15
20
54
16
-22
-36
-68
-60
-40
-36
-55
-95
-33
-65
73
-95
1
-76
-89
20
79
83
-53
22
34
-23
-60
-74
-2
26
18
2
24
-27
-47
-17
10
-8
47
91
93
-71
36
-47
-61
59
64
-69
49
-7
63
31
-91
-99
80
31
-28
-68
81
-100
-76
-95
41
33
45
42
-20
94
82
-11
-5
-92
-23
-80
27
49
-54
94
-18
75
12
-92
-24
-95
63
87
-8
23
-8
21
-89
-22
10
46
67
87
-12
-98
7
-4
-22
70
-51
-40
98
54
-47
89
-27
-70
-15
-23
49
-94
-12
-85
28
36
70
57
-50
56
1
-40
-23
-83
-2
30
-47
40
-39
-57
-14
86
-3
42
59
-84
-94
-91
33
2
-50
-39
-64
34
29
4
-42
52
-42
52
-68
49
-54
21
-32
89
82
80
-45
23
36
33
69
-59
90
63
8
45
-45
12
29
61
-76
47
6
-60
-76
43
-12
93
-29
0
-19
9
-89
36
39
75
-26
70
-66
-74
53
-90
66
16
-8
94
43
65
95
13
-4
46
-78
-29
25
-1
-86
-72
64
-62
-8
-38
-49
-65
-49
-41
-70
-46
-77
33
-29
-15
-23
3
-93
-87
81
89
47
-71
-100
22
98
58
-96
35
-14
40
-89
-60
60
-55
-95
95
33
-9
58
30
-35
-68
64
-11
42