491 4
62
-62
18
47
-67
-97
53
-5
-61
48
-5
66
61
-24
33
19
0
10
-57
-21
-100
89
0
-57
62
-11
-90
-96
-28
9
-85
61
-82
-34
95
70
27
-65
37
-24
74
75
94
64
70
76
58
49
74
-63
-6
-93
-67
-93
98
72
37
-26
85
43
92
49
-78
30
32
33
48
-5
-19
62
92
-35
72
66
5
-76
95
36
-27
85
31
-40
-70
-65
-86
-92
27
-89
-33
-77
-67
-48
-50
93
-17
-75
52
-37
-69
-63
-72
-38
-32
-89
-55
-71
-66
-33
2
73
76
-99
-99
99
-88
31
19
87
15
24
-94
36
-73
-42
29
40
-86
78
-17
-20
-28
31
4
-65
56
-32
92
-81
90
85
73
-40
9
-6
-54
-68
-50
-50
81
52
5
64
48
7
-69
-9
-66
-90
-19
4
-86
-44
84
-79
0
-56
-4
65
-58
43
39
0
97
29
51
45
-73
33
-89
-3
-11
63
97
31
74
7
83
97
-96
-35
-67
81
37
-15
70
17
-24
-13
93
-99
35
-16
-92
-63
-88
-95
66
-82
56
-15
-36
1
98
84
-85
-49
-42
-47
-53
93
-39
-2
61
77
9
57
62
12
58
-67
-31
40
39
-91
61
-96
55
60
18
68
40
64
-59
19
-100
32
83
53
-30
19
-41
-77
-61
-100
40
-63
23
-70
27
-46
-58
-46
-40
22
-84
24
62
88
-78
-90
-5
-3
34
-21
-48
-3
-43
-59
76
77
74
-91
-58
-62
74
-54
0
38
-31
24
-19
24
-68
-37
25
-14
4
18
2
-24
69
94
31
-40
-76
61
-12
60
48
-58
79
-19
-46
49
-21
-67
-88
-79
47
70
-76
-76
18
-3
28
71
-36
-30
53
66
93
38
38
0
-92
80
-22
81
-86
-87
57
39
90
-74
44
99
-31
-17
84
-8
-27
-18
70
32
-48
45
-25
-67
31
-48
-4
-82
-93
82
-51
-59
43
53
41
-1
55
-70
-94
34
-87
-16
-67
-8
52
29
1
81
-14
-39
-8
10
67
-94
-53
-37
5
-56
-50
62
17
38
32
-92
77
3
-44
16
42
-16
36
-57
-24
-64
19
67
11
83
-20
-99
50
14
31
46
-11
39
-27
36
6
-23
94
10
80
-56
-83
-26
52
-75
14
-52
-27
85
-61
-99
24
-51
-66
31
-14
-20
51
21
63
-52
-89
-98
-94
85
18
-63
-70
19
-90
-36
-10
-75
-37
-69
-81
-55
-85
-15
-32
-68
28
65
-25
30
-79
-60
5
41
-50
-74
26
-28
47
31
-67
-86
-33
66
6
-23
-82
53
75