12 94
45 119 -49 16 -36 20 113 -13 -62 -40 142 -53
72 58 -66 17 -11 114 32 -24 -52 -71 79 -78
-78 -37 134 145 182 70 -35 141 -34 169 -62 116
131 120 50 95 -79 67 45 17 34 59 44 -58
93 -80 -3 -68 -87 -14 89 16 -60 -71 -4 -98
86 168 4 67 194 -99 181 102 20 16 85 68
-36 137 -44 80 82 -38 86 61 117 92 -48 162
-25 -66 128 180 -20 120 77 102 25 49 -91 -48
-37 178 23 33 78 142 121 -23 33 128 167 -24
-69 -90 133 178 41 133 -16 194 116 41 -7 161
-27 -99 22 99 139 183 -56 114 128 -96 17 104
138 -46 183 175 170 174 29 46 -33 52 149 -29
