14 130
68 76 -84 79 67 -60 184 82 125 1 -67 19 22 57
63 -27 -71 51 94 155 51 126 51 138 -64 72 57 46
107 -23 -72 -69 118 134 -42 107 -45 112 198 -61 188 97
-1 -38 121 -50 102 145 -55 -1 25 155 69 -4 27 142
-75 -22 43 194 81 38 175 49 -25 -98 101 87 0 156
-82 15 53 56 167 154 28 -9 -83 186 169 112 1 8
150 -27 61 23 7 15 82 177 -31 -96 56 50 121 149
187 120 48 -85 45 -11 -19 -89 1 -87 27 73 13 134
-39 57 -74 168 -63 67 98 -98 40 -22 -19 183 -26 -59
-53 49 199 16 -67 78 2 -3 38 154 -33 -87 -72 140
170 48 195 134 -98 148 116 111 178 88 14 -45 -49 185
-20 -29 134 62 -84 -59 163 152 -86 -88 40 135 31 164
-80 -29 101 -76 39 158 -69 191 -17 45 181 24 24 35
70 11 -97 178 28 16 -83 -32 -80 104 197 187 177 -81
