-683
136
-56
-952
251
-816
736
122
741
986
-669
433
-219
45
966
203
351
285
-940
-494
-476
-693
834
-877
248
257
-615
138
-681
674
-386
-699
-219
555
342
-878
-815
-210
770
-469
-698
755
352
539
-811
-973
308
675
-739
-833
-931
-111
62
-563
-710
339
301
-180
-200
993
799
-402
-198
-933
371
-970
-349
226
703
844
18
-440
514
529
-796
-231
-46
-706
934
220
949
-291
-124
-848
604
725
238
-657
265
-998
-179
364
990
776
-269
704
-48
285
-832
-841
375
-918
972
-583
148
508
374
533
-767
520
-615
6
-114
579
-956
90
721
-350
-538
646
-209
-692
960
700
22
654
-430
738
-203
-501
816
669
-874
774
844
866
-264
-541
3
-904
-650
705
-891
744
617
814
-522
-589
731
641
982
-698
-177
-478
368
67
-878
-729
394
494
-62
636
-264
734
704
-284
-120
111
734
-822
-647
261
647
-635
295
86
-802
-785
-917
208
175
-842
-994
155
-483
514
-155
603
-594
-224
744
-535
65
508
157
-287
-32
-625
-960
-100
-67
366
-324
553
288
-279
-345
-543
226
-719
-131
906
-813
-815
-682
-221
630
581
216
-810
870
277
-295
-43
-567
888
-805
-862
208
-418
-883
822
-825
182
-725
809
481
-548
866
795
-142
-612
-623
-876
907
837
-723
-120
189
-623
82
387
158
849
30
656
-339
719
119
400
-474
-484
249
-357
-836
46
731
4
909
-491
298
177
714
421
331
481
-100
-420
50
-404
610
314
-51
-170
499
-270
-336
-675
-848
-381
147
762
333
-534
269
-658
139
733
960
-139
-894
272
-29
-321
79
905
673
737
-482
548
-244
-920
-331
-477
789
211
566
-582
144
433
-618
406
-148
289
362
535
844
247
-848
-12
-658
166
-380
-812
-511
-663
-657
-731
750
594
56
-73
806
-397
863
66
93
-190
-324
-943
-225
-279
-411
-474
-522
-300
-580
681
317
544
-940
-574
584
529
206
589
460
-520
-967
452
-132
297
-333
549
-623
455
599
-752
426
-705
-559
34
-430
-906
-788
620
-423
-907
709
789
917
-339
-48
-794
533
-370
342
-723
396
-726
606
-387
-224
224
189
478
-947
39
-851
23
101
-829
-745
21
102
26
855
490
316
585
11
367
-230
-756
535
-794
-656
-539
-985
746
-888
321
-148
151
-311
828
-743
345
-96
-266
567
538
944
-314
-312
745
-594
930
104
-494
-225
851
-40
810
262
-762
842
-468
689
-17
133
591
24
-598
-90
779
319
103
-668
273
-231
-491
-415
-418
-982
473
423
-916
555
789
799
-586
357
508
-29
-739
-639
41
888
-550
985
724
656
921
600
975
-486
541
775
-91
-575
302
597
830
737
-735
265
-622
792
789
-185
758
-24
899
183
-281
-766
515
430
-351
417
-722
214
881
287
44
-147
-336
-18
-958
-41
881
-692
-354
364
-503
-184
526
771
-294
-5
983
248
-901
634
-774
-252
756
-262
-120
741
-2
-890
125
491
-853
-912
715
-458
-307
412
-399
395
750
-170
-66
449
-670
-465
-314
903
-293
744
-276
654
434
29
115
-753
60
-704
96
925
-899
-699
960
770
183
154
216
-592
100
-16
77
293
-607
-413
498
268
-300
-223
-583
221
-948
-23
33
254
386
471
-943
117
-28
468
481
-604
-684
-324
294
449
-131
163
-734
175
318
-723
-198
723
-334
431
260
-154
531
846
546
-717
878
874
872
123
267
-294
-616
712
97
-901
436
632
502
-319
-23
717
292
-952
-602
536
-490
242
902
775
-825
309
-413
955
-790
210
585
125
921
197
-483
-559
-197
-830
-819
-837
-221
-446
-922
219
-159
170
-780
985
-547
543
554
482
447
-990
773
-364
972
-903
-52
957
-882
-571
501
887
-487
-690
710
-696
-837
-464
-87
122
867
-765
-243
955
163
-318
-67
4
89
-398
501
-334
656
-897
677
911
424
881
-532
-295
221
-777
-956
-651
52
-809
-294
-469
460
915
822
917
-370
-569
615
212
252
817
472
290
163
944
-132
516
-72
-166
-770
-591
-368
798
-120
-719
-933
-793
900
643
-810
-593
-97
-28
975
-598
544
173
-220
584
-964
224
-513
-535
-341
607
-592
178
541
277
354
-472
421
-782
960
-703
899
662
35
540
849
-578
-470
971
21
-156
-86
-501
314
-239
-601
695
-264
344
-202
6
921
-834
138
273
873
-111
-335
-377
-711
662
-14
-315
12
678
-497
882
-862
239
734
614
-306
-484
443
815
-308
908
863
-220
-123
659
791
-923
419
-46
-625
732
-477
761
667
-40
756
907
682
359
857
-771
487
636
-743
-483
557
496
609
183
-689
405
-278
323
-420
964
25
885
745
-371
870
-91
265
-942
303
-229
358
-624
572
-227
858
-213
-166
-916
957
-537
-579
-773
-477
-641
-898
-705
-533
-765
-358
-31
9
200
180
702
935
871
-839
52
488
-52
-36
428
-668
486
159
180
923
-164
325
524
-430
-362
366
-883
542
-203
361
386
-473
575
-559
29
415
-667
761
-842
195
869
-162
986
-375
782
-404
8
499
-8
895
37
200
-79
-628
630
-91
117
-602
-629
833
63
-840
137
-491
-226
-476
913
-493
934
-988
999
724
0
985
-947
998
338
-102
-212
-959
-642
-382
-451
-98
-676
-815
606
202
-190
-881
-702
934
390
-675
-868
709
700
477
851
257
-317
-499
564
-21
895
312
-801
-64
-682
632
571
-782
610
-671
474
-555
610
-765
-816
-412
-83
-290
696
815
714
-936
-667
-325
852
-657
-702
861
47
531
358
857
53
570
6
11
986
-330
-116
178
-452
-921
-676
61
-150
687
-901
465
293
262
-660
972
-196
749
265
831
-21
523
83
975
333
709
171
-921
-30
617
391
-961
228
172
-398
-753
826
-483
266
635
740
272
825
-835
-757
-167
-432
785
190
385
52
303
-695
175
-968
-537
587
-91
844
-162
-92
-755
-910
232
-705
-941
-764
-880
-341
-907
-854
-713
-518
629
-909
706
697
-83
731
-500
141
385
-112
584
-435
-912
734
-947
140
-861
-341
-84
-328
-573
-273
494
181
-407
870
-816
-404
-553
125
97
239
-236
-180
-325
83
-675
-235
-331
178
344
696
522
357
-495
-333
-793
-676
-817
-20
-480
433
229
614
-946
-98
-404
-475
104
46
547
903
-306
-740
790
-655
800
267
59
-31
-186
373
989
738
328
-269
204
-863
-324
926
663
859
-587
467
-395
664
-991
150
-235
772
-513
800
661
623
631
440
2
262
566
-841
-133
-61
265
213
-835
147
443
490
-714
323
698
-541
848
177
383
687
490
226
655
-874
-664
-350
-499
287
-518
14
711
-634
-893
887
728
942
-430
-484
58
-277
-407
200
301
457
-780
-482
-137
441
-927
-972
951
-517
-760
943
950
775
607
440
823
-783
-562
977
-269
151
435
77
383
-602
595
755
888
331
-882
-341
94
-711
925
-803
905
818
786
59
213
-546
62
227
-874
-836
937
952
-665
130
-307
-159
-715
-384
-531
-851
-978
143
135
-536
846
-682
-861
-381
-636
580
-151
660
850
410
534
-995
-570
378
-236
-724
-911
-793
-50
218
-540
643
420
-243
-362
277
-627
-523
820
775
-826
-238
-318
321
213
-105
-686
-558
-138
-455
315
-724
-899
-75
595
-312
-589
-94
852
-808
-940
814
-808
916
-997
-798
-103
381
981
87
206
-629
840
-926
235
-228
322
108
-835
868
962
647
344
-596
902
-816
541
-505
162
949
-135
467
-375
628
715
-641
-431
-234
317
10
997
-68
-540
775
338
-56
-564
-973
689
-178
366
302
-259
983
-771
-588
-530
787
-987
819
-339
-598
-781
-969
-778
739
745
-788
-642
-125
-797
-444
791
154
871
30
186
569
66
-42
747
514
-195
-661
-417
562
-275
-358
398
303
889
-219
-248
497
-651
595
-288
-572
552
599
198
-776
668
-187
-382
-190
511
586
-888
199
225
-100
-279
55
-928
146
596
879
448
-341
13
103
-186
55
-14
422
804
-707
-195
-725
-683
-242
-984
466
759
522
845
991
720
773
-949
139
-471
-802
-923
-12
-941
696
425
202
998
-167
-20
-107
-415
-906
410
-387
827
196
6
218
-219
836
-118
-533
-117
255
295
-451
300
605
-842
674
-392
874
-427
-385
-23
998
362
-893
-133
602
-723
483
777
123
-119
664
-888
232
-836
-476
-233
-168
-643
-307
315
610
-896
-196
-600
-124
901
-607
-326
305
-715
-290
521
-206
635
829
833
-102
-650
178
559
399
-311
760
-627
630
-563
-932
441
634
-93
775
516
880
300
367
893
-442
706
991
700
883
-192
-529
-162
-829
-857
317
597
-666
-310
868
-518
179
134
916
-80
-656
-569
-230
-562
833
-48
40
-602
-490
193
640
494
-733
935
275
192
-641
478
675
-410
-782
-79
-798
486
119
-530
106
-57
38
293
-663
-254
384
-553
549
-873
-64
552
866
-69
767
-927
-672
-23
-497
823
329
-602
414