-341
248
-623
-806
25
694
350
-405
675
489
440
-59
-449
-887
211
-855
791
737
493
922
-335
-476
862
172
-332
-654
-646
-818
-156
-206
-285
952
-400
-567
677
-763
964
669
-578
278
-630
608
-841
-179
-281
-414
-644
953
614
114
-303
991
-45
-899
-276
-48
386
205
526
-321
340
167
750
-119
-226
488
-659
-882
-564
-26
-820
-879
314
-785
551
56
-636
40
-548
-919
989
-600
-432
729
-903
-277
-4
-501
708
-276
-149
-242
-858
742
938
203
858
278
-953
230
-755
-762
517
-361
-67
-425
-323
-260
-451
668
-412
-655
-248
444
-311
-60
-402
-980
-217
-950
-508
841
-591
711
-877
422
979
571
-724
-652
198
86
-7
221
836
751
-118
928
-204
522
-954
-745
949
-960
-864
-495
-995
-302
53
-3
-396
837
-506
996
-262
-597
828
806
-484
511
-405
105
-537
-800
-531
502
351
531
607
-62
-942
-330
224
261
-996
-764
892
-631
574
617
416
281
-482
279
744
361
-409
-3
-518
433
922
75
412
284
-74
-60
791
749
570
-366
154
-526
90
-885
-61
934
-388
232
991
-498
-489
459
-769
-101
-905
314
-414
184
-545
108
-90
-646
48
-826
15
-18
257
940
-665
63
-556
-858
-202
-60
-538
-59
-809
-597
-661
810
-252
359
5
980
-78
-537
-157
-488
188
611
-646
-393
293
-538
723
-200
426
-85
100
956
-324
-328
-103
-72
-943
-632
-339
291
-564
153
123
-817
-156
-355
-640
551
348
67
251
-449
-862
-256
-249
-277
-291
837
-151
-664
216
662
515
275
303
-617
134
-924
-539
-923
922
-446
802
552
-924
-966
-512
-829
762
-353
-899
-828
451
-642
663
-452
817
931
920
-827
-781
-780
518
-675
-926
-227
638
848
-121
-539
511
-716
89
271
145
-303
-251
-414
-332
-284
-765
-463
-926
-799
-766
44
-789
156
611
-246
-435
203
-845
-713
857
701
35
477
478
303
-604
-361
291
301
136
817
82
-821
213
-35
798
231
263
204
938
681
-854
317
-910
30
-438
-518
-764
-875
896
-692
-871
-198
413
443
662
272
108
365
-680
595
246
-227
64
-584
961
-968
943
-355
-45
333
940
-50
-651
-824
555
717
386
-552
-259
913
-597
166
405
-172
688
-720
-235
769
302
-474
-877
898
-116
-658
-566
373
-748
673
68
-471
-462
590
169
-438
-633
178
-548
237
887
945
886
-340
-377
-594
192
-920
367
-765
-272
680
266
-827
343
-571
210
-958
-934
-994
742
-818
464
712
379
-789
375
-188
996
-157
-540
-491
828
528
882
357
-360
462
274
-523
150
-647
-995
-984
-55
388
263
-635
-753
-260
351
-675
111
-554
494
704
-520
-827
280
-588
31
-621
-917
-476
775
-782
852
738
-710
985
788
747
-233
589
-144
388
-823
447
-233
991
-53
9
-435
256
491
-866
397
381
-967
-823
-123
-533
-818
-139
445
-230
-730
480
-759
-274
535
524
-926
-738
-49
603
558
522
589
-895
526
32
405
289
464
-979
814
-174
33
640
-180
-530
704
-888
108
321
565
906
-857
-915
118
-303
206
-960
-545
423
-65
-697
-695
887
-424
875
792
927
-349
844
61
-108
396
423
-44
443
-553
-399
905
65
820
961
153
629
-962
651
379
504
-13
-171
826
365
-167
-959
86
510
-480
145
63
-55
-322
776
461
263
-740
-328
-490
-281
128
674
-751
-396
-866
390
602
-27
149
-324
849
-75
-504
-713
-60
821
-982
696
-941
354
-663
446
-78
302
538
-40
-614
-957
-501
890
368
365
141
-341
-625
313
-420
222
230
442
-562
-888
-639
844
295
-863
-551
-610
-164
640
245
-436
-387
155
-618
682
-249
-53
65
174
4
559
-526
259
307
-516
784
836
911
626
241
-205
-535
-384
-85
-776
84
78
-994
400
-489
995
206
-142
-356
-196
-249
985
-723
-307
-439
632
-844
-945
-562
-121
638
101
-463
-190
-647
-388
-521
210
-601
-551
-902
997
-760
-842
-403
673
-60
665
-338
8
-648
615
-386
-498
733
798
559
218
64
608
-361
-591
-823
-965
-414
982
-460
196
46
898
516
996
-541
-805
-294
-247
745
-881
-905
-112
-309
-509
393
430
-473
-978
-513
-966
77
-445
53
260
-855
-210
810
688
820
-796
572
-386
132
744
-382
-236
491
-645
156
-581
796
-21
-948
440
122
-824
-84
-853
16
-254
508
-437
495
-494
-882
-510
-155
-745
851
668
-616
17
-67
541
-453
480
755
-53
872
-371
938
-829
-134
-932
-763
-903
-497
613
-862
969
873
662
-329
73
-305
8
119
-374
626
-873
918
235
-496
487
-966
-221
-954
-490
-107
642
-580
969
-725
-613
-193
337
696
427
-732
-979
987
232
-883
882
794
-278
-655
859
-154
538
-639
129
321
744
-290
-297
667
378
-967
458
-950
992
-281
-505
548
904
387
-717
-735
358
312
692
-643
604
-861
-314
117
-379
693
311
-567
-813
664
354
280
291
-352
-470
677
-896
669
-683
393
-190
970
995
-488
621
-666
890
335
-939
593
488
-774
-332
-229
716
605
-977
585
46
685
-278
24
863
-673
365
215
-744
255
-144
-394
-839
688
-6
-702
546
634
-857
-826
495
-713
802
975
-629
-406
-824
128
-389
-481
-68
-75
654
-481
-377
-368
-329
786
-893
668
146
-594
-923
-365
-522
455
432
799
232
-630
224
-919
461
849
-911
-242
883
-254
-348
269
-850
-764
-397
736
-678
931
-48
641
65
-639
627
760
527
-525
27
89
-791
167
497
-84
161
-623
896
-759
294
-149
464
805
-571
864
-252
924
133
-162
517
-90
803
-660
-688
-453
-497
790
-267
-130
-258
464
-446
-15
-179
0
-452
-284
249
736
-893
773
-660
-639
-559
471
-533
147
212
201
613
702
-374
-312
-42
-883
285
869
-146
-51
-588
371
643
25
499
830
-704
-522
-17
429
315
-968
-325
396
-269
743
-431
441
899
-159
-921
356
-422
532
257
39
-163
866
-973
-296
714
-321
861
-701
324
-264
-871
314
-138
-389
174
989
-837
782
885
580
27
230
957
214
547
843
970
-987
-130
56
-208
-889
768
-541
-8
-570
-549
-721
714
-364
-829
-624
-928
994
614
254
-421
287
666
-910
192
-205
646
677
-988
607
908
-188
156
870
-291
848
428
-733
943
-983
546
-598
618
-256
537
884
-932
249
409
-350
157
962
600
-707
264
-318
-653
-221
864
997
-535
-909
-553
384
-478
638
123
843
926
-677
-53
805
-949
596
708
-823
668
-78
-448
307
-273
-604
-732
361
-550
945
212
-137
-394
-973
501
-351
-598
946
552
455
954
-766
-778
899
-239
-776
323
85
703
352
911
-996
-415
87
13
425
-773
-444
269
-932
823
86
-66
-424
-574
-741
237
899
-179
-702
402
-896
-957
-748
-778
434
-301
-347
-454
-498
73
182
657
98
-966
208
-722
519
13
-924
-579
846
-324
483
632
-132
299
645
473
-499
-13
424
-736
404
949
806
960
-668
-136
579
-275
574
-991
-233
-5
-360
428
836
-458
217
981
717
-115
-255
876
555
428
-440
-380
354
-866
54
179
-955
515
649
-82
-748
148
-773
247
945
-346
434
350
-153
836
909
-512
-9
439
463
103
-745
-481
269
-462
518
528
-606
-622
400
712
510
444
671
-606
964
251
345
722
175
-313
-685
970
-964
63
450
395
28
718
519
-929
628
914
-330
950
-76
525
-755
110
400
-276
-246
848
847
-767
143
990
679
-547
872
-343
143
268
-737
-225
-212
-715
-517
-794
87
-877
-501
-325
-141
328
-917
596
-227
720
469
-562
6
-766
-678
-550
933
-534
-878
802
919
460
715
-425
846
-139
-72
-640
650
894
162
-361
42
-962
-978
276
-775
-921
-11
-482
-850
547
216
959
-17
433
651
-92
-55
812
-158
-679
-838
-320
-713
627
-593
923
-172
997
-600
722
945
-122
-443
-170
396
-33
-789
45
-775
854
476
603
652
-628
-756
755
591
-588
210
-981
414
837
52
-160
-523
-638
751
-605
-132
-699
250
-8
-882
-573
601