; Field Size: x, y
26 16
; Robot position: x, y
24 3
; A set of special Fields: x, y, Wall, Color, Radiation, Temperature, Symbol, Symbol1, Point
5 4 4 0 0 0 $ $  
5 5 1 0 0 0 $ $  
5 6 1 0 0 0 $ $  
5 7 1 0 0 0 $ $  
5 8 1 0 0 0 $ $  
5 9 1 0 0 0 $ $  
5 10 0 0 0 0 K $  
5 11 5 0 0 0 $ $  
6 4 4 0 0 0 $ $  
6 11 4 0 0 0 $ $  
7 4 4 0 0 0 $ $  
7 11 4 0 0 0 $ $  
8 4 4 0 0 0 $ $  
8 11 4 0 0 0 $ $  
9 4 4 0 0 0 $ $  
9 11 4 0 0 0 $ $  
10 4 4 0 0 0 $ $  
10 11 4 0 0 0 $ $  
11 4 4 0 0 0 $ $  
11 11 4 0 0 0 $ $  
12 4 4 0 0 0 $ $  
12 11 4 0 0 0 $ $  
13 4 4 0 0 0 $ $  
13 11 4 0 0 0 $ $  
14 4 4 0 0 0 $ $  
14 11 4 0 0 0 $ $  
15 4 4 0 0 0 $ $  
15 11 4 0 0 0 $ $  
16 4 4 0 0 0 $ $  
16 11 4 0 0 0 $ $  
17 4 4 0 0 0 $ $  
17 11 4 0 0 0 $ $  
18 4 4 0 0 0 $ $  
18 11 4 0 0 0 $ $  
19 4 4 0 0 0 $ $  
19 5 2 0 0 0 $ $  
19 6 2 0 0 0 $ $  
19 7 2 0 0 0 $ $  
19 8 2 0 0 0 $ $  
19 9 2 0 0 0 $ $  
19 10 2 0 0 0 $ $  
19 11 6 0 0 0 $ $  
; End Of File
