; Field Size: x, y
21 15
; Robot position: x, y
7 5
; A set of special Fields: x, y, Wall, Color, Radiation, Temperature, Symbol, Symbol1, Point
0 4 0 0 0 0 $ z  
0 5 0 0 0 83,81578986710673 $ $  
0 6 0 0 0 0 $ z  
0 7 0 0 0 0 $ z  
0 8 0 0 0 84,00750988349668 $ $  
0 9 0 0 0 0 $ z  
0 10 0 0 94,54058026640702 0 $ z  
0 11 0 0 0 91,92168698269953 $ $  
0 12 0 0 0 0 $ z  
0 13 0 0 0 0 $ z  
0 14 0 0 0 88,17878621079902 $ $  
1 0 0 0 0 0 $ z  
1 1 0 0 82,55822429552592 0 $ $  
1 4 0 0 0 0 $ z  
1 5 0 0 0 82,43099394367587 $ $  
1 6 0 0 0 0 $ z  
1 8 0 0 0 0 $ z  
1 9 0 0 0 7,6138293871720455 $ $  
1 10 0 0 0 0 $ z  
1 11 0 0 0 0 $ z  
1 12 0 0 0 0 $ z  
1 13 0 0 90,56202489443218 0 $ z  
1 14 0 0 0 0 $ z  
2 0 0 0 0 7,351231997530549 $ $  
2 1 0 0 28,865517083958498 0 $ z  
2 5 0 0 0 0 $ z  
2 6 0 0 0 30,79394368957446 $ $  
2 7 0 0 0 0 $ z  
2 8 0 0 0 73,12480051681622 $ $  
2 9 0 0 0 0 $ z  
2 11 0 0 0 0 $ z  
2 12 0 0 0 21,40998412920627 $ $  
2 13 0 0 0 10,270306705623076 $ $  
2 14 0 0 44,52606795566439 0 $ z  
3 0 0 0 0 0 $ z  
3 3 0 0 98,40799299925938 0 $ $  
3 4 0 0 0 0 $ z  
3 6 0 0 0 0 $ z  
3 8 0 0 78,55022786117635 0 $ z  
3 9 0 0 0 96,60485945483896 $ $  
3 10 0 0 0 0 $ z  
3 12 0 0 0 0 $ z  
3 13 0 0 0 42,36939020565217 $ $  
3 14 0 0 0 0 $ z  
4 0 0 0 0 1,4704294975243646 $ $  
4 1 0 0 0 0 $ z  
4 2 0 0 85,2080775821619 0 $ $  
4 3 0 0 0 0 $ z  
4 4 0 0 0 29,40152312135395 $ $  
4 5 0 0 0 0 $ z  
4 6 0 0 13,548795559233426 0 $ $  
4 9 0 0 0 0 $ z  
4 11 0 0 0 0 $ z  
4 12 0 0 16,8170645911326 0 $ z  
4 13 0 0 0 0 $ z  
4 14 0 0 57,30235337154118 0 $ $  
5 0 0 0 0 0 $ z  
5 1 0 0 44,98186369658534 0 $ $  
5 3 0 0 0 0 $ z  
5 4 0 0 0 0 $ z  
5 5 0 0 0 24,59700211165333 $ $  
5 6 0 0 35,5055279729448 0 $ z  
5 7 0 0 59,683821191864006 0 $ $  
5 10 0 0 0 0 $ z  
5 11 0 0 0 86,78167056608092 $ $  
5 12 0 0 0 19,675770411116893 $ $  
5 13 0 0 0 0 $ z  
6 0 0 0 0 0 $ z  
6 2 0 0 72,20264220247168 0 $ z  
6 3 0 0 0 88,16396542273647 $ $  
6 4 0 0 0 0 $ z  
6 5 0 0 0 0 $ z  
6 6 0 0 0 57,64457520919134 $ $  
6 7 0 0 0 0 $ z  
6 11 0 0 0 0 $ z  
6 12 0 0 0 0 $ z  
6 13 0 0 58,76631148102056 0 $ $  
7 0 0 0 0 32,80045997016153 $ $  
7 1 0 0 0 0 $ z  
7 2 0 0 0 3,113149853010266 $ $  
7 3 0 0 0 0 $ z  
7 4 0 0 0 0 $ z  
7 5 0 0 0 23,168288601175085 $ $  
7 6 0 0 0 0 $ z  
7 11 0 0 2,1354565406848938 0 $ $  
7 13 0 0 5,536412729665829 0 $ $  
8 0 0 0 0 62,55742593787491 $ $  
8 1 0 0 45,695449246883136 0 $ z  
8 2 0 0 0 0 $ z  
8 3 0 0 0 91,04667491793943 $ $  
8 4 0 0 62,421207717815975 0 $ z  
8 5 0 0 0 0 $ z  
8 8 0 0 0 0 $ z  
8 11 0 0 73,73737458779355 0 $ $  
8 12 0 0 0 0 $ z  
8 14 0 0 0 0 $ z  
9 0 0 0 4,333893863639745 0 $ z  
9 1 0 0 0 0 $ z  
9 3 0 0 0 0 $ z  
9 4 0 0 0 14,637697448319614 $ $  
9 5 0 0 0 0 $ z  
9 7 0 0 0 0 $ z  
9 8 0 0 0 41,24080712964796 $ $  
9 9 0 0 0 0 $ z  
9 11 0 0 25,535003666549454 0 $ z  
9 12 0 0 0 42,34202892628593 $ $  
9 13 0 0 0 0 $ z  
9 14 0 0 0 74,3862835571106 $ $  
10 0 0 0 0 0 $ z  
10 1 0 0 0 11,767382273342172 $ $  
10 2 0 0 0 0 $ z  
10 3 0 0 0 68,62534339010034 $ $  
10 4 0 0 0 67,7511181997839 $ $  
10 5 0 0 0 0 $ z  
10 7 0 0 0 0 $ z  
10 8 0 0 0 64,13587637438248 $ $  
10 9 0 0 0 0 $ z  
10 12 0 0 0 0 $ z  
10 13 0 0 92,30424048952024 0 $ $  
10 14 0 0 0 0 $ z  
11 1 0 0 0,5964516664838659 0 $ z  
11 2 0 0 0 0 $ z  
11 3 0 0 0 28,50014931918129 $ $  
11 4 0 0 21,653489592323773 0 $ z  
11 6 0 0 0 0 $ z  
11 7 0 0 0 98,04425937963848 $ $  
11 8 0 0 0 32,864500690654154 $ $  
11 9 0 0 0 0 $ z  
11 10 0 0 79,10373954991984 0 $ $  
11 11 0 0 6,18399749797955 0 $ $  
11 14 0 0 85,33970577890972 0 $ $  
12 0 0 0 0 0 $ z  
12 1 0 0 18,828867850279842 0 $ $  
12 2 0 0 96,58833751296082 0 $ $  
12 3 0 0 0 0 $ z  
12 6 0 0 0 0 $ z  
12 7 0 0 0 25,867427338784292 $ $  
12 8 0 0 0 0 $ z  
12 11 0 0 0 0 $ z  
13 0 0 0 0 56,78044555558843 $ $  
13 1 0 0 42,84678722864333 0 $ z  
13 5 0 0 0 0 $ z  
13 6 0 0 0 0 $ z  
13 7 0 0 0 0 $ z  
13 10 0 0 0 0 $ z  
13 11 0 0 0 40,2383763064809 $ $  
13 12 0 0 0 0 $ z  
13 14 0 0 0 0 $ z  
14 0 0 0 0 0 $ z  
14 1 0 0 89,66737146939494 0 $ $  
14 2 0 0 54,108131655542245 0 $ $  
14 3 0 0 10,705946856507076 0 $ $  
14 4 0 0 0 0 $ z  
14 5 0 0 0 68,50660041370736 $ $  
14 6 0 0 0 79,714492186771 $ $  
14 7 0 0 0 0 $ z  
14 9 0 0 0 0 $ z  
14 10 0 0 0 0 $ z  
14 11 0 0 0 0 $ z  
14 13 0 0 0 0 $ z  
14 14 0 0 0 13,589274703333748 $ $  
15 2 0 0 24,281336192172642 0 $ $  
15 5 0 0 0 0 $ z  
15 6 0 0 0 0 $ z  
15 8 0 0 0 0 $ z  
15 9 0 0 0 43,819255541925905 $ $  
15 10 0 0 0 58,87829710677187 $ $  
15 11 0 0 0 0 $ z  
15 12 0 0 0 0 $ z  
15 14 0 0 0 0 $ z  
16 1 0 0 28,13290214544763 0 $ $  
16 2 0 0 21,417277083460835 0 $ $  
16 6 0 0 66,51320926217046 0 $ $  
16 7 0 0 0 0 $ z  
16 8 0 0 0 89,10604137420005 $ $  
16 9 0 0 0 0 $ z  
16 10 0 0 0 0 $ z  
16 11 0 0 0 0 $ z  
16 12 0 0 0 37,001275334973485 $ $  
16 13 0 0 0 0 $ z  
16 14 0 0 51,16516265606747 0 $ $  
17 1 0 0 0 0 $ z  
17 8 0 0 0 0 $ z  
17 9 0 0 0 0 $ z  
17 11 0 0 47,23949686029903 0 $ z  
17 12 0 0 61,394597106331304 0 $ z  
18 0 0 0 0 0 $ z  
18 1 0 0 0 29,123833835648295 $ $  
18 2 0 0 0 0 $ z  
18 3 0 0 0 0 $ z  
18 4 0 0 42,86986372567242 0 $ $  
18 6 0 0 0 0 $ z  
18 8 0 0 0 0 $ z  
18 9 0 0 0 29,03198712925985 $ $  
18 10 0 0 0 0 $ z  
18 11 0 0 0 28,165473941790626 $ $  
18 12 0 0 0 0 $ z  
19 1 0 0 0 0 $ z  
19 2 0 0 0 0 $ z  
19 3 0 0 0 87,78684981529919 $ $  
19 4 0 0 64,69221234540092 0 $ z  
19 5 0 0 28,497281916671096 0 $ z  
19 6 0 0 0 40,73540640097829 $ $  
19 7 0 0 49,81342030214771 0 $ z  
19 8 0 0 0 0 $ z  
19 9 0 0 0 0,8334167771197002 $ $  
19 10 0 0 0 93,14019223355697 $ $  
19 11 0 0 83,60509517770498 0 $ z  
19 13 0 0 22,190820249817715 0 $ z  
20 2 0 0 62,05695241785466 0 $ $  
20 3 0 0 0 0 $ z  
20 4 0 0 74,1528928625178 0 $ $  
20 6 0 0 0 0 $ z  
20 9 0 0 0 0 $ z  
20 10 0 0 70,67407633674986 0 $ z  
20 12 0 0 0 0 $ z  
20 13 0 0 0 8,115287734249275 $ $  
20 14 0 0 0 0 $ z  
; End Of File
