129 2 
326 
610 
262 
1226 
1185 
517 
902 
1447 
1301 
137 
1273 
468 
1465 
1973 
1230 
570 
491 
1930 
315 
106 
1193 
382 
599 
38 
557 
1841 
839 
1046 
1649 
1412 
1930 
1928 
1570 
1325 
536 
978 
1022 
1594 
908 
1038 
1824 
77 
1727 
1859 
1857 
124 
5 
520 
1895 
935 
957 
1598 
1712 
891 
1709 
1680 
1942 
1012 
1895 
38 
1105 
721 
998 
65 
257 
1117 
1412 
1167 
688 
1936 
1118 
1832 
1090 
1390 
982 
1553 
1681 
1091 
545 
277 
1670 
1201 
1283 
1083 
1535 
33 
1247 
738 
531 
1306 
58 
1916 
885 
1159 
157 
1626 
1078 
235 
1257 
1683 
1718 
922 
1943 
1784 
359 
957 
1369 
963 
795 
1638 
959 
72 
1154 
1754 
1069 
990 
349 
1480 
534 
1216 
1250 
1387 
71 
1607 
1 
771 
1432 
1858 
14 
