892 2
91
-69
-26
32
-78
-13
90
-71
14
-91
-68
-24
82
-94
82
-9
-54
-30
94
73
-89
6
79
98
-20
-35
-86
-66
-98
-67
-65
25
36
-42
-92
64
17
-2
21
-36
96
11
-62
-14
72
-71
-60
7
-18
-99
-38
-8
51
-98
-72
-15
-48
-24
-48
56
-27
56
-74
-19
73
7
39
23
97
-83
74
47
49
29
77
-1
-33
-7
-75
-49
-75
6
51
-99
70
43
74
33
-70
23
12
-60
-55
64
91
-61
-16
57
12
-35
-11
16
10
-36
-74
14
43
-78
-75
28
-83
59
-49
-99
31
66
-96
-75
10
-70
33
-94
-7
-26
5
33
1
84
37
37
-85
10
80
59
61
8
96
-13
74
-45
-100
51
8
1
5
52
89
-56
-67
-75
-66
-41
-54
-19
32
-17
-77
-64
59
-8
-88
58
-16
-13
13
7
78
-9
-61
-78
69
17
-50
-45
-70
81
-3
91
68
52
44
-43
50
12
3
56
-36
-1
-73
-22
-15
60
28
-19
-58
-59
-34
-80
87
98
74
-3
-95
-89
-45
17
-92
91
-49
50
85
-69
-33
-94
48
55
-92
72
84
57
-58
-21
-36
61
37
-91
88
68
-88
89
14
-23
-97
70
77
-53
-48
39
-44
86
47
-28
-53
-24
-7
-47
-8
21
33
-14
-67
-6
-64
-70
55
-5
-67
-57
-26
-54
28
-61
79
-38
-64
7
-73
-3
-72
0
3
-32
15
98
-91
70
-69
87
-32
-17
16
-33
-65
25
56
-81
-60
73
-86
-18
-86
-92
-35
-90
-42
7
-7
85
-60
85
-74
95
-8
-68
83
64
79
-62
-80
85
-37
-55
75
91
29
-40
-96
-47
5
-84
-34
-46
-18
46
-14
-5
-97
4
40
2
-24
-54
47
-18
-44
21
74
-98
42
91
-60
-98
52
-71
-82
68
-68
-26
-19
97
3
-61
-21
-76
18
72
12
46
46
-13
61
-26
-2
18
8
-83
-2
-7
34
-93
-14
-98
11
14
75
-36
1
-47
27
17
-37
28
-77
42
98
-64
66
22
64
-16
-91
-72
-45
-46
-71
66
4
-66
20
-99
-30
39
40
-27
10
1
28
65
-52
-46
-30
-42
-82
-71
-76
-68
-49
55
20
-28
-49
75
28
-51
98
-42
46
-43
-16
-91
59
-33
33
26
-54
24
88
49
-69
-3
8
-99
-26
10
-86
50
-91
-74
-71
97
14
49
14
-52
50
-5
-90
-9
-26
-48
55
-30
-20
-61
-6
-97
25
-8
82
0
-57
1
23
-77
63
-51
0
-82
-66
-53
-52
19
-73
-13
-6
-90
53
-15
76
51
13
-3
-25
79
41
-63
21
-65
-85
-90
-75
16
-56
28
53
-87
-75
-9
-16
0
94
91
-44
-74
-97
-65
-58
92
44
-16
-50
-61
16
-70
87
46
-74
44
-19
25
28
-35
-97
-77
-78
31
-25
-2
34
-20
84
-39
-100
-24
57
21
-59
-52
75
6
94
28
-10
30
60
85
-100
-87
41
-94
87
-19
-90
59
71
28
88
-68
-96
-29
60
43
-42
-37
0
88
-61
-60
-27
-35
5
77
68
74
30
-100
75
-28
-37
-64
31
-39
56
27
-7
2
-49
-59
4
-72
33
-92
-57
3
46
-49
-31
-74
-70
72
46
60
40
-24
1
-91
13
-65
-72
70
52
16
69
68
40
-1
86
31
70
97
36
98
35
-56
32
-4
34
-35
-72
-21
30
49
-59
-9
-11
70
20
-20
-75
-17
89
-84
-88
33
-25
-83
-61
-25
62
-54
-36
38
-44
-68
-65
48
-76
-5
44
-95
-25
-53
-93
48
-60
-97
-26
-22
-22
70
78
6
5
-14
-92
20
85
-98
69
15
-44
-41
2
81
-85
92
-7
-91
-45
41
45
-75
35
-81
-92
41
-91
-36
-7
-29
42
61
96
92
-32
57
-68
69
-77
15
63
-78
26
-71
49
-84
45
-75
33
-53
10
-36
-78
37
-76
53
70
-14
-22
-33
11
20
8
-3
72
-5
-38
9
13
-42
60
23
85
39
78
22
-2
6
-30
92
96
83
31
-55
61
-22
38
-41
68
14
86
46
-10
56
-96
-58
14
-72
-43
-47
53
-65
12
-26
-13
86
-21
-17
59
1
-45
-36
-85
-14
-29
27
89
-38
36
-7
56
-97
41
98
-29
-87
-67
-71
34
35
-92
-31
-52
-84
-62
60
-30
-44
58
74
99
-45
-1
-34
-41
21
30
-97
-16
-24
-48
-49
-8
63
-3
49
-6
14
-97
-27
53
-51
48
-77
-7
85
-85
99
-53
10
-43
33
4
62
-6
0
3
-26
39
49
-17
-71
44
-42
-18
56
76
-15
19
-11
-34
55
-48
-16
-80
49
7
-24
73
-26
6
31
55
74
-82
19
47
30
-32
96
-55
-81