745 3
-12
-28
-71
54
66
92
62
35
24
51
-5
-64
-18
-21
-57
51
27
-69
92
9
18
54
-27
27
-41
24
-58
-50
9
-77
-58
-99
83
88
-7
-91
-69
-99
-76
-2
12
-50
-81
28
93
-24
33
3
-70
53
-57
3
52
-67
-99
34
98
1
-6
-59
49
11
-75
0
9
-6
-47
-7
85
-66
20
25
-93
-6
96
-33
34
45
34
83
91
38
-81
56
80
38
-52
49
86
59
-90
29
6
82
48
-100
-75
18
-82
-1
-77
-61
18
96
-68
17
-5
-43
-63
34
-100
-47
67
11
-50
-90
-8
-32
20
71
-55
3
6
-74
-77
91
-82
-75
45
95
-59
-85
26
-65
60
51
-80
-77
24
-37
-58
90
12
-48
58
56
61
95
31
38
8
56
98
-53
-47
20
33
-9
72
-59
-2
-30
12
-59
-8
85
26
32
51
-1
89
-31
44
-43
28
-45
90
-47
-33
-34
-71
-77
-7
-93
-13
-15
-83
-21
81
-60
-83
28
-50
-18
64
71
-22
-29
60
73
-70
-71
-56
-68
48
-62
-88
40
18
98
29
-21
-76
5
-88
-25
77
4
53
-93
67
-53
50
11
-19
-39
-82
-39
-7
56
76
18
-7
-7
-64
99
78
-39
-41
-52
-27
-24
60
83
10
38
4
44
-30
-12
94
74
18
52
-95
83
-21
33
50
-13
-80
50
-53
62
-79
-90
85
30
-31
-88
-4
16
-56
4
34
-9
-14
66
-100
43
56
-26
90
-96
62
-98
-100
40
-13
-47
20
-55
10
72
-72
22
-72
98
62
-1
52
73
-25
-42
92
-22
29
-87
-82
14
-4
12
32
-93
30
45
60
-57
-100
-82
-90
-56
-57
-85
-9
-49
-95
-28
-24
-89
-38
-12
-96
1
90
82
99
31
-88
-17
-27
86
22
73
56
-92
12
2
-59
-18
62
85
98
43
-12
8
30
-41
67
40
-28
-44
37
-94
-49
-92
8
-69
-83
47
46
-72
-69
16
44
-77
22
-30
-42
-17
39
3
-70
93
-51
-23
-10
-40
-88
-18
-48
39
64
-29
-90
-84
-51
15
21
48
0
-20
-15
-6
36
33
54
-19
98
-36
85
-40
-100
-16
-99
69
-75
43
57
74
17
-52
-81
34
-5
-94
-37
59
5
27
74
-93
48
10
82
-42
-83
36
-43
15
23
-92
-39
47
-4
92
39
-20
-30
-59
91
5
58
47
-69
-49
-39
50
98
29
-30
94
75
-29
-10
78
11
-10
1
42
51
-11
-14
-59
-49
9
86
-28
-62
2
-33
82
-11
-36
36
-32
-52
-99
-21
30
97
-33
37
28
-55
28
-67
90
-44
17
-19
-51
79
28
-11
1
-81
16
-5
22
-35
89
12
-4
-39
-13
5
11
34
-78
29
9
-89
70
45
-16
51
58
95
22
-25
96
-85
20
-80
-82
-97
61
74
-65
-51
32
6
56
-35
-93
54
-59
-34
57
-77
21
-44
-66
88
72
-63
-91
82
-95
50
-40
21
72
-54
-32
73
91
-25
-57
-17
44
37
-2
72
97
-97
-46
4
37
29
10
-8
-63
-1
54
40
81
32
-52
80
94
78
69
-16
88
-90
33
10
97
-67
63
65
-77
-26
-21
84
57
-39
90
68
83
4
-55
-25
-60
68
-17
-27
-9
27
92
-41
-74
-38
-11
65
67
-86
83
86
-30
43
6
3
66
44
-32
63
-80
69
83
19
41
-20
96
-11
33
-7
-56
-80
27
-41
-81
-31
-59
4
39
60
84
13
-84
42
-23
-97
-2
-60
98
41
9
-5
-1
19
-47
21
44
-27
17
46
-34
-100
-68
-27
70
63
-41
-90
24
-63
-38
-38
-95
8
79
6
53
-60
-59
38
81
56
-9
91
84
48
20
-93
-94
-3
25
67
86
92
-7
84
-19
42
72
14
44
-12
16
61
-21
-54
-10
90
40
46
68
3
-68
78
65
10
8
-60
-11
-79
-57
-49
-96
-74
11
-6