168 2
25
55
-26
50
-100
97
57
15
-19
-51
-5
1
21
-22
88
35
-86
-30
-83
-6
-41
-28
87
85
-90
7
26
-73
-9
-34
28
-19
1
27
44
89
79
-82
-20
87
43
-87
7
46
-18
26
-55
26
-98
95
68
55
93
20
99
-47
68
-12
39
-8
-30
30
-76
-85
21
-87
-100
94
33
98
56
95
90
-70
50
-54
64
-60
3
-16
-39
99
-76
-5
-3
73
-12
80
27
-9
-79
-10
-22
87
16
-88
88
-9
-75
-32
25
-49
93
-97
-62
73
65
62
69
53
-12
27
84
-45
-69
-29
5
28
18
47
25
-81
-33
-58
76
-35
16
-98
14
38
-43
-27
-85
-65
58
-90
-94
-79
-43
24
-93
25
-89
73
-98
-6
6
-77
56
-55
7
-40
73
-23
42
5
84
51
-73
73
-44
63
-52
-69
-4
-86
11
49