343 3
-41
-22
-27
69
78
8
25
-99
-51
-10
57
27
-39
50
94
79
81
-29
-59
-85
7
-63
94
73
41
48
-61
-80
80
-1
-79
-64
-34
96
-20
-85
-60
39
-60
9
-10
14
75
-94
91
-77
-49
46
22
89
-26
-82
-66
-62
71
-79
-17
-1
-73
-71
-32
4
-79
50
-32
20
-39
-35
-31
79
38
-58
-70
31
24
92
-38
88
82
17
-3
-8
-3
90
-76
-97
-98
-73
-76
-41
31
41
11
-89
-60
86
-7
-75
37
-30
62
85
-24
43
-50
-69
87
2
13
78
59
-5
17
9
32
75
-94
-69
25
-36
18
-67
-60
-90
-52
97
31
-81
-9
38
-1
-64
-50
11
55
11
-84
54
39
93
-85
-1
13
-55
0
-64
-77
-99
-21
-36
79
-38
0
-28
52
28
44
-34
-5
-47
0
67
-89
75
-21
22
-56
-94
54
-80
59
-48
-9
32
-51
-81
19
95
10
-88
74
29
40
-74
58
-64
36
77
59
-74
66
50
-41
-14
-8
-53
-13
38
65
77
91
-84
-53
-42
5
27
70
68
-77
32
-92
49
55
-17
-22
70
-73
85
-84
-58
86
-34
-53
27
-46
-91
92
-95
-61
-99
31
81
-71
33
-80
57
-19
-19
21
-69
-34
68
54
-74
-82
-84
94
76
-93
21
-80
2
21
23
90
24
69
20
-96
-5
34
65
28
-78
-99
-73
20
-78
-38
21
-11
45
-37
85
76
-82
12
-80
9
-63
-86
-84
97
17
80
-72
-41
6
42
-5
87
61
-23
-75
-4
0
-61
31
-75
90
-5
72
13
-15
-68
-26
-62
36
46
71
-88
48
-89
66
-19
18
68
-89
-58
72
67
-86
-21
67
33
27
-33
-62
-11
-24
79
80
95
18
41
-59
2
11
-16
5
90
23
59